$ANSIBLE_VAULT;1.1;AES256
38366432326534613165346461323432663734666631326333623438663866313565623933363965
3736316366623136366266636262333133303762366530320a306264623731353336613062356535
65353535326561663830613637666166343037316537386461613935303637636561303262306134
3766393438643365320a363166633836343961306263666532336338303663643262643865386361
62623334373139663637376337346637336637633365346439333239376537393165303761353931
35616266313132626235353630373139346437363531636632656535623365366430653331356230
36663465383563663834316563313061653531336262643561343735326532393732646664626534
33653036363963656162393535346666666532613633623731633064393235353234383934303835
66353333646633303938626565303566366164353364303730373738633138633935306239396635
66653538643930323339353365653563343539306233633939326132656362626536666165666662
63306265393038643463386361663965313337306331343831346339356233323361666465303132
61376361336662363330386139633931363035383932306162326661386537623964333534343261
65316534343564326664336361623166643262393836396332353039626534316365386138346336
37383965656263666530343365393533336238663864366364333038623138383961396139383239
35303964663861306539336465373234316135313435663966326630363833303538623735663061
35636161346264366537363662666530343031363836376363333534336563373764656464323331
34666437643463643365363435616365623165356439396636663538396234646566653237623039
34383435346235386339653462336134306135366664633565633664346264663663363431653461
63616163646465626337396134303639316333373263373233346234613332386630643063396433
65346637626332613465636363353737396563626234356539353265346463613664643136373862
35323139383733323064353531363266323431646535633665323461636663306263373562346635
36396539313633666564636535643161376339396436343465653730383962336463653565396438
66333833356333386364353362303032393035376263383364383162626465333561353863613530
66396231393232333333396635613935656366313134653764376564616566623661336331336435
65333438333438653764623363353634363433303633346666346438626431656333323330376163
34316433323964616462633337613264363763333732666636306161656532326632323538393631
35363562343061306362623663323733646331376632396562316330336430663332353631353365
39646366666164393663393862316666393233636661326264373862363536366266343239353930
66663663383764663031623633616538366264393066663663663636656130613337336332336164
35343361366463316335343162346635346639346265353862373465333532653861333465646366
37333834623664303632623561333833353737396434636638356537623063656365656261353631
32333166663933366461643062376162323535346636636363343433393861666133383866613738
33633965363233616132316334393933386264376163383437326664323032373035386562616537
64303430623830306630323462613065393634343465613366383835613438366564376132383431
32343363383738323130623037393135613231313338313636393038666439613966353463356363
61643238656632306362356561363739653562343230383764326133643761353334666663663165
65663664356630363430333736373838623661306430336538383839626166303565313338653130
36656666626561623530653031316431626635306138303761623132303436303835653735323735
33333539346537366532356331653631343538363938663730643766396434613362653461646432
32633832616166366635633337303038323936343833366662356665386366393337623464343738
66636637633537323066346337393236383532313461633133313630623931643933633063386263
65646133313766366438383862363763343265353639373631303337346465323164326561623764
37353764666566616335613762663332653635303439336139373663396330643235346232303934
63343965346635386135646439326564373334306630373661623633303963366336336337666565
35386230666636386463316335343635653261373439366536653132346233633035346338343566
39386437636266623831303061323238386437373166663134633662373037363233366462613261
30626437326432373961633332343137393939306463306566663264323366646436393062633834
32623762363039326534393566323565323662316131383838656666383536656666643064613464
66396439303430616235636564643765613165396233653333363065636539343461666363663236
32323532646131623534323265363161663363396565633933636631643366656565366232326130
39313639396339626664316634653237313161343862643862616531356232356534306634633338
64346335363534316133616535346632343164663665343531653661343863393838386466643438
63633138356662653733373266346565626135666439313366323932376535623230653234343064
63343366333135383535323532663038356433616161333332613133623533323034306233623538
32643561313866383265366464653666336238613661366338643631633339613338303536643639
34346639623838343264363636386335653163393935626664633362663437643363386536373362
63313030313930656261373837336138663039383661616663313933663664356462663363363730
65336264373535346566353039633239313563616237303261663432393336663732616630333462
65313262336363633861353861336364646438306465353637333430643630333438353835353436
61313437613436383333373764343734313362373132653465353866636261623262306162633963
31333832363837316437646566323738653139373639346131383534633330353962633738643661
38383138613032336265353964633363393166363333353361353131343330303637653539636631
66386562623566643736353133306336306166343635333235646235656136393936303637353761
36363731656431366134653935343561613866356662393861316165356231356435386334353332
30333733643437643934343131646430386665333334623461656263643264333062363733396364
39306134663366613861643334663032316633303665373634373266343436343035646165663538
63346666373134663462643038643963363266373137623765373730333262636330396262353865
64623663303337316136623734393939386366646631656136646632653437383631393833343964
32326462363261636331373933343730656638383230626363613161386436333264353861633732
35616635613135326463666465633566366132646430323765656236316335636131613737303834
30326234623332393263363236373738623263373962343464386263343431303666366239383266
64333831656461623131656631363837356630386235613630653835393265393030643330363033
35613861393361326166356637396133303466636463626138623838326163353139636531306461
39353730656630613336636161313363386361356437306139366231353336396464303737353830
34353933656162663037356631626238393962646637396531663366666465613562333331393233
66663465316263373064336531383032383365323738366533356430353636633932303334343332
38626136303435313132663231656333653939336432343666333265646131653332393365323362
33393662383130653462653465343161356663636438646336326439613861343163613265313163
31376138626239353361623337666330653131626461373937396538353437663736376363366634
64346465326534663061353131303935646530326434613439313039333535353832623564613234
36653735383565643563333063343261353531653661316632636563343433643633306464383237
35343261316137383764383233383764393537333234633433333661663334393630633931343132
36376337313566373261383563393236383734646137663639666663396263343461303838326631
65336364643036376236653431643961333735663937613233333761333565396466333564333264
65323666666264613864613635653337363663303436373362333261666533613662626531633566
35323233356236393463323064333137656664623264393034393264643236363935653533303532
61306666333836326263333661313433663439623631323136313439646164666534393938373830
35633333623666323632326661616138613934363138656665613634383962646463366433313261
62623834636363653438616137393332626233643537373033393066376635313439643739316666
32623964633462316566303033303934316633613730326532653337326432623162376631363437
32323633316332316538336661306438383733303537376564376465373736383565346535653731
32653832663233386166343836623737636461373363666438376261623466363862633061653233
37616637393132323261663464663963613761646637366636663464343666353532626464393662
37313333646463333538386636643431643732616337313265303838323263623931386662653966
66316439313664336563636664316366616662633763633632306438623336373836393530303065
34373530616435333666616239373065363065623564313864656163623961313432373335393437
63323365393561376262613136326162336261633064646361666435356235316132633966613362
31353663303833643566356336373837363537396430626432663163333231663862393432353462
61333662336263383535336533353934643466373039646234386437313965376633366134303661
65366565393662353163383764393265333433616434383634666463653035663236663335383663
35396334376339366465386663643261343134326464336366346338383565346236333064636465
62323665383639633636386564356636653335303630303764636230346461303963646233323634
64336637353861343432633232636436643764356337366566663131653337313133666437326436
64326139616364336631363530386433303133373232643564623633386432626433646666333933
63656266316666316534616662663537306330343666353833386137383732626263646637373030
33383132373336626436363562343163323866353038353032386663343833363266666534643630
35326334636139376430636562643063333432393138386331643864653938313663616532343630
38303839313132346464336166653466653139386534323633323137643135666235613563613632
61623563626265656230326431373763353634343831616238333161643132666161396230303863
31613338653766386134356261383939376334613537343033373766353331616631646635353861
63353139306130383862653631633762393030333836316332646366353664653331356262663935
62386634646239656664656363613665626635343063633530366133626636656536313431373731
38323461313531303231663730323533356138393037363063376166313638643136633331643332
37623037376266303737613435643861666236306634313933666166346162616561343831353232
64356664656662643437356436336564383134643565343365343162373835663431613330353437
31633033363537333837326231343631313330323863663734653039663366386234373332373032
63353434383366663535353330386130343238656132633131383134313862356433346561623834
35646434653339376337313230323462356466616635636234303439323266393832353365393966
39323161386337623039653833373733656461343066323834333333343166306332343639346132
33626138663230366562626538306135613230333763333861616266356636383462653537626635
35613037336364346634346437326635366430613463336534373838366566643033323732646661
31643435616162623663623932636464653634306330616333643139303931393161373333623634
33666635613238356565663433366631376163323163333035373461646436356161396465653536
65386335626666623239363862643834333665306561306463626239313834306531376332366231
39386362373634313836383636653231373434666161666537363761373261313766376437653065
63643466356637343638333163396364333936306139613830653632346238616435333631316436
33333332633535306232323831333765393564323466386331633763643932636263376137343663
31333234353838653537616166643431646430306436653930386162373639376436396264346239
34626561623564373666323832633361363432313832623866363031313038323561623636613733
35356635636162373330303362613563383537656636623164636665636532393536656337613335
32333164336163323631366439633639363135393135323765626339626138333531353030373937
63646562303764393561363937323232663434643165656436363435303630303838336463366262
38346563313961663033306434316266656231646439386234373366373338613930616365346530
31333663383735386133373331326536306532333565333662336534623663646530326339383962
63623535333230306432323364306338643561393062366230366464626164643965336233363763
34366335383430323237316137313231616364633335666364663931383963623735336265656535
31326661303534633065343237313431353762383734383033306561313530303466613965303038
34343434393935333833323535303637636630373366303636336535356364313531366538613263
31633830343766626439616535623035386165666234303961393138643433393466326436343834
36336534653130336633653062663039386136303562396362636433623464643937633435396134
64323936643938383163393364346236633961343937303664346462343135613463353237316666
65626138613134633865333862636432323732353730333836623161353538363664633664366438
33396161366230663161646432303135326234303535336362663062356134393632636563636637
38626366393265373263336337343233666565323133626133393661653565376361643235336362
61613139613765393135303839356137343665616531396638326235616330646539333139313331
64323331363833663038663864353739666464336436643836396131343832343839346636353331
35636236363233373931366363373061613030356664353935633236653661373565616335613564
38306566396538366665336133333939323235346336396133653632383262366661353838336130
63323563373063393533663066626332626435613832363138313430353031333439333738383663
61396438383637346564303831353535353930303463636361396239396135356561343131663837
38666131616262383230383338653964346437323436393332393861663231373036393536623134
31366632663237636461383638353435333665383736653563626436636265623633383631623063
38343137326266656461346430326461383764313261303131343835373333663030393539623933
33623361626531393761336238393466393835613131616363613237383137353338363231613534
61346132333432616361616239393561353964326432316137393139653730633834353962663134
62386365396463663661616534393761356134636433633664623136663966613333336538313962
31353530346139323066326665643962643339356432643964333136616436316136313934303735
64633963653163393433656164383333636638333036636163386138363266373034613834313534
62646130343565386661303532646336333463623635623065656233333262393262396137663466
38613837316566316335646238306436626336613761363163653735333165636536363037386264
30333836373734303065313631356432343030633237383164393239636232383062326536376437
34303965356339613330346164336332633134656431656561383261633232353931623331396362
36326665323731356432383733323536613638316132326130633837623664353035313161343262
39613061383264323032346537636235326661323435393663646266366137633165323437633466
65613838353338623637363663373734396165663365303432323931313565643338323636393236
61333139626265363935356561383233346531646262636239363062373362346663616664616532
35316134303866633936343933373032333139663331396366363461383165343135623834323961
62343164373666363535323864303635613937306563633463363964356666356361656262383439
37663562623033393361336130306563363565616662303966646461633565373231393930303532
31303135376437616337653730643134316561333633323432326437643030613363386436306534
63616165383532633134636161313533636165323962623934633061336232353632303934363033
37656538623832333932333865366339653936633736313730393831363037653061636531363566
62613766303865646333626465656337396661346666656566383362356462396538
