$ANSIBLE_VAULT;1.1;AES256
38313466663537393935663864313861353339666130363134326363636532373738336438393033
3164303164323265383038393539393439373439343661660a386662313837633934323233653266
37383063653031366334626130643665613135613763383130323339306664316235646338316638
6432373837616432300a393661626631666339626132616165616431373063653264363166396332
37383437343966383539643731336139373065366436333663353566376134356664626366306463
36383032616131343661663034653335356562623938643439313862303832626536363138356664
36623063663233346436333935656335303461663933313137653664626539613935643430646564
38376662383636323936353162633834653936666638373435363537653230613738643736616531
30373433653932316232636432326433346639323962646230323164356332326337623433623165
66386530353733323266363731333863613131613231316362643637616237356663386236386261
65383334366364343839626237653065343162616435313562646630326235643736306237313232
39323737636134616239653137343633363738613432353461353535626365333261396265633334
64663635336337633166333438323339306637333261346466373931343063303161653639393162
63363764333931373065373061636139326633666139306562633536303433613838303662383564
31636663316565666365333736646636353330306265353265323764353031353364363864653534
34313039336437323639316639643265303663643839376430643733323463396130346662613465
65393736326139663831313831383763356232623836316166326437386437333838353134303032
64643561633530623434636664346233313262633265663138623835663462323635363131396630
30313361303333366330633232623062333465356563346632643338383135623764633563303161
35626565353539376561333965653632623834343531323631363635383338383836623034653030
65643066363233616338386563326666383765623262633630373639616464346136643135393662
33663430333733643965616563363931313530363931623963666231343230353336316434623639
36333839373138333165323866393135366366393936646233383337373136613537383537366362
64336662613839376431363962643938306534663364396566643362323530363864366136623832
38633237663234376136373361303735623638363966336362633339616265666336303532613562
63656530333862613035663538643630353864316138656130623739663761376666303833333862
30343231633134333137303733343831316139633639343739373936643132313439356263383164
66313530663465343731313039373463633362613237393333373864396433396430613564346539
64643032643038353136326234373439306661323336396132363335633636343532666531653130
35306232393132376232363535346332646564653534333130356333626165633834656262363365
63343638326562303930336639396632663939303434643532346337353566336233303663653431
36393232376436633462383463316130336239633236623538636166323464333531623061616435
65323165383465376238323530393964663732633665393463616431613237386539616465336333
39306639336136303230613432313434393766303761396339373539303136363963666335396363
39313330343435613730633232626461303437313165666362613031656362343136306632353434
36386665383162373565363438666565386131663661303031313634313366363235313664346638
64623737613636383032393134663531663230396566346438333833306538636536323163313264
39623237636530333037616666666566333737326362363066666263616563326466653338313664
33346638343638666266326462396630363439643538623530383232636539383938373064333738
36373833346236626432356664303965366366656363326635363338663430343032653536343664
31336530653232396563393835393662396163383738666462306436643264336263343238353031
32646665613435396530343133653638346335306539333133613337633535626432326564346535
64343834613736363466376164643233633266623865633031323735626431326135316134373430
32636636376431393936613661316634633137383832363861626166633930326136326634383837
39303630666134653839626138643636363232386262643065346632313237326131386531396366
30313839643131633634633130323133356533326562333037646439363662633861396362373733
64386164646661656637393861643237303834376235343731343766633262616461643630333162
33333037336162616365656662313462386235653033343465613765633632336137643732343738
38613637663930633464663537663137373335303163323131303334613338363539653265646333
63373930383239623434383065643561366562643063643834356161663463666334356364363136
32383337646563666264343462356366376239393731633663343666366532613564383431313664
38643935626235663635613264623739313664346438343165326235613936666131616332323932
39386633653163633439303931613938343439616131633732306439633961323633636162663630
64356231323336373037363730316462323263336564303633393533373064643265333834383363
38646131303063393830343435336635636237386333363038653165313435383762316362373966
66393231313865396437386237363262393361633131323539636235623263376361623565616662
61656437383035353265386633663632646330646665656464303137303861336637373437383437
34363633326236663361323335646630396237333831643962363434643535383363643239666639
30326334633836666265383931396663616236336465396461643262333933316537653430323733
62356161663638326265636134623862333961613530393531386331363433633566353464626538
65393464363963653631343833333936333865663635316638616666323030363534303866633631
39373539623435363262623330376131653735393864336466333564303136303630623330373739
61343132346137373663633439613239366364636137353532383863333665363932363036623232
30643832666535383330653761623266643535383663666530636337393633336265363763633134
34653962663731333664323133623937363036353933313966363964323138353631383964393534
64653035633861656131366331393265346265326535353364373861633531383938616666633032
62373461346233316363656465363434366136666161333063376265373761383763616431643761
30363065653935363837633763313963353564323462303737326635366563646239383730373363
31333234396162366166613838313765306161303963373432623436383463316238656663363463
33663332366139346239323163663336356139323665373133613139303833626264373666643536
33623464306233346631646331303137663763323864643962323637346665613433626133646366
33316462383334666233376234663634643635313234316165393635666661356264313436363236
66326461323165633037383261636238383932666466353239393635323831613634323265643231
35643066343734393665303366613637333333333933393232623862336433383763396239333264
30363964363935333862386631303963666261393132383436666633343161336365343736646137
32316636353035386237663435393137323138363262633233633330643463326436663833396166
33353830653030336432313861303735633430623531383164363130653533383665653937326464
39656461346464613465303439663762626263366133333062616361623666313661346231633637
61646434363262333531653864613935306330663662346330373039343838363530303337363038
35336430383965656461336234366465393833393665333632323961613038633266653036353461
32373337613037303964323539353666643235393435363764643232323433643331643064323434
36313834303039333130633762626664303063386635653536343666303563653238376539633465
30643733616464623539376161353566313661336239396136383562383363613930356466393364
33633433313064363936303761646237323339653530323435636339313261323831376232303662
33336136313934653634656633303964646337616565323838393335656335346362653764653830
37373633313334393036353865306136666565393164643933316238386565633965666266373733
38393466353436313464633636323062393762386364373835383639653462343338396266303735
32363139626232643838313831376635333465653963383361616234633765623533316630303739
30343866643666663830666536613132643436316465303835383032613365316439303866356466
38393661326562386665333236623135333030653236666335303034313836363038626165326239
36393031363135666537353865623262646465373531613239303236323563306539616261653038
65353665633766643231306533343364623536303738643239633162306538393035343830323265
66353935333539333064333434656635366332343334636662343561373261633830323230663564
63656435323765353862666163633866323839376263393231333032363835613562313531633432
64343935386461326365643261336661323433353830333130393665653331613236393136383235
36333738616162666566633231666231393466646561653962336339353439643236383262633031
35323766623631313335633936656661653434393634396164643962303833383335316531623666
37306562363234623231633161333132343734356137363836333363393465386364323039336164
30343133616431623561646536323638623265653639663735353962363161346331353666616365
39636634633335363135666263653030306333353565376234306630313163666136323965323161
35653430326665623739363561313034353132316265333766323437333962616161636565636262
31616661393432353262646466653732643139643362326561313431326439346364643439323632
38633264316636663036326139376137393631313334396435363366373734306431313939356330
30373235653563646330623838343733663565666665623462383238373138396535356266653964
39643965326237343261376366356534623438323662386361386164626632393965626461613939
39613761373233663637396634616633613933636633633561326433316133303232636638303734
39383862636462323862316638663137623935393233313831376631313031646333643862646334
37366661306635306530333638666666666563363036343263353039323431383736363766313631
61643338653362393264643665323464393766366531376236663730306637633131363166643362
35346131363736666364633162343132306331656239366466353236346264393932633163386530
35383238643739383035393732366564663161303733616263366136643437303331653231386136
63343236316434656664653832393830313165383962313861373361393938303838336133636130
31623863623066643032633731653664663539373732613761353364373463336632346164643861
34613336643935336333616438353933396637333232636163343334636462303066323337386365
32323436366465393931643930386131386339396362353866316538656131653238313162316230
65336139313961633161616339313131666232333565633336633734613632616435613930343862
34326363363739623833303464343034643266613361623761366538393132636632643434343131
62613233666335303961616439663430653564363261363364373064363736356664323733623635
34333532316634336266343231356563653964623333323835393634633261343736313631313466
35396130326164666564373864653939663761646535306564383562613964373466323235336634
33346637626436653761323231623536306463376637326237623462393064336535633564633035
63633663313465343266356361636566633233613361313762326238653935376364386663383365
39386465306663633730633362363965313030656461313137396538616361633161666130303831
31613465333734616138323835336634346134383961656338333138336238306334376631616139
37373033363235626165333665653134393163323931306666643637363036333330323161326439
62393964643438363233633035366364303230663337346336393863333537333931313633643536
32663731666666643031623163366636303165383337646136656132646539326233343261663063
65326630373535363036366562323237636436353830363965323962633639633138653534323635
32333132316130643262613365383764633038323566346162633962666134326361666430373232
34633038323538353136353563323663616165653738343534306365643363363162643638383039
30366232356430333435666237306439306263653132623064626233323435373936633764623464
30613562616466663666303763313066656233623532636561343530626337626639333337393438
30663633383731353433373934656566386363303862393630386566373937633434653364623436
63656365626630386265366330636138663738613336626536376264656530633539623164313335
63616131613438393634626334383934333434616337346430306339623035643935393265613033
31323734666461313665326530396465303764666336613161353262306666663861643462646434
39386261383637393966336539643964326466336439373831356238356638323637353163393035
66356534663665373263323731626234393330636538376363376633303765316361316435303165
30373366623861633633306335316233326463663637336337383934376631366366353530356261
61393635633765353662383236383364303966616435643263363738663739383162383333323161
39626634393363653534333865616532373838333437636434306565376237653762386564326139
66666561323365633431633639373238656538666531386535643730323433653731613236363839
32396132323365393966623135303238353939356134323333616632626261653766383539666261
62653134333966373136656336363035363134663931666262663766306665333539376330623062
62353565636631386663363137633065326266396564363937633032366565306165656233353331
33333236646263343730666233626231323866646233616266626137393561333363626161316532
64356135303663643161376262623836333333633335343036306436663863653633653438373237
31316338363439393765623164383935313335666130306138333938656136633237636632326236
64653564633832393431643131393162383938646464616363303031316337353630613061303461
36356239373337326566353361663430346164633961646632313964363737316339633937396336
37663432383631363362623763613832646636613838623965643331303432303464643030343139
65316639303630363761353864343438336430383736666334373661366166313632303561386561
39636131383862636533643132646332363631663533323739306361396135383430646633646264
32306262643361313263356266656666373138376235386231656664333463326332666232376439
30666661653965383839393633613335393963636531636264623463316563343239353062633032
35343662396536666465373237383731616639316239333130396139663466396638376135623437
30323633313430336661356530653165323638633633646264303233626562616133663261393731
31373231323033623834363862643239326361623963353764646630306364353530353966636363
63653431613135623033363335333030376164663931626336303438333165663430366333303065
32353366316361363563356362373264613930343839396436366163326463366537613730306234
63313730323331383964363032333532653639313232643964333236363939393030636433643138
32653730653334313663316166323632663639636531333435336638653662323538653634346533
32316530386136613239353666303063333262316338333135376537373030376237336364643663
36326331616335336464646465666635313630366637613935633135393563646636323632363839
39653863396536353837626264323833353139353433313266613163363239373831356636633863
35363438333438333963666237626265663939353831663533383037313732653262643837366134
39646432303763363964656333656464623662303764343538336630303861613935386564646235
63326161343936663566346266346633663936353235646130313761323831643231656665333165
63646564346262326532653330633935646634336338653762303937303435653834623539326665
36653830323737666436326439323231353761316666646565313037383464396233616363313933
37386261646662383333393965356536376239353064663237363333613435643632333636336439
32353338393330663530653535643036613533343638393434656335663631303438636539343064
63353164613365313736653063306331646136326534623034653635336432366437
